UNITS MM,10000;
EDIT proj;
ADD P1 :W0.000000  -6.7275,1.0060 -6.7275,1.1195 -7.4275,1.1195 -7.4275,1.0060 -20.1495,1.0060 -20.1495,-32.0210 -18.3715,-32.0210 -18.3715,-0.7720 -0.6740,-0.7720 -0.6740,1.0060;
  BEGIN_ASSOC
    ADD N1 :F1.000000 :R0 :T12345 'net=P13' 0.00, 0.00;
  END_ASSOC
ADD P1 :W0.000000  4.5060,4.6900 7.7572,4.6900 7.7572,7.2579 4.5060,7.2579;
  BEGIN_ASSOC
    ADD N1 :F1.000000 :R0 :T12345 'net=P20' 0.00, 0.00;
  END_ASSOC
ADD P1 :W0.000000  -8.8542,11.0928 8.1072,11.0928 8.1072,13.6582 -8.8542,13.6582;
  BEGIN_ASSOC
    ADD N1 :F1.000000 :R0 :T12345 'net=P22' 0.00, 0.00;
  END_ASSOC
ADD P1 :W0.000000  0.0655,1.9255 0.0655,0.7615 0.7005,0.7615 0.7005,1.9255 1.5100,1.9255 1.5100,3.6325 -0.8010,3.6325 -0.8010,1.9255;
  BEGIN_ASSOC
    ADD N1 :F1.000000 :R0 :T12345 'net=P11' 0.00, 0.00;
  END_ASSOC
ADD P1 :W0.000000  0.6900,-1.6785 0.6900,-0.5145 0.0550,-0.5145 0.0550,-1.6785 -0.7545,-1.6785 -0.7545,-3.3855 1.5565,-3.3855 1.5565,-1.6785;
  BEGIN_ASSOC
    ADD N1 :F1.000000 :R0 :T12345 'net=P10' 0.00, 0.00;
  END_ASSOC
ADD P1 :W0.000000  -8.8050,4.7075 -5.5538,4.7075 -5.5538,7.2754 -8.8050,7.2754;
  BEGIN_ASSOC
    ADD N1 :F1.000000 :R0 :T12345 'net=P17' 0.00, 0.00;
  END_ASSOC
ADD P1 :W0.000000  6.6070,0.9755 6.6070,1.1055 5.8870,1.1055 5.8870,0.9755 1.3785,0.9755 1.3785,-0.8025 10.5760,-0.8025 10.5760,-30.5415 12.3540,-30.5415 12.3540,0.9755;
  BEGIN_ASSOC
    ADD N1 :F1.000000 :R0 :T12345 'net=P18' 0.00, 0.00;
  END_ASSOC
ADD P1 :W0.000000  -21.9630,-0.7715 -20.9460,-0.7715 -20.9460,1.0075 -21.9630,1.0075;
  BEGIN_ASSOC
    ADD N1 :F1.000000 :R0 :T12345 'net=P4' 0.00, 0.00;
  END_ASSOC
ADD P1 :W0.000000  13.2350,-0.7870 14.2530,-0.7870 14.2530,0.9840 13.2350,0.9840;
  BEGIN_ASSOC
    ADD N1 :F1.000000 :R0 :T12345 'net=P5' 0.00, 0.00;
  END_ASSOC
ADD P1 :W0.000000  -21.0120,0.0290 -20.9095,0.0290 -20.9095,0.2175 -21.0120,0.2175;
  BEGIN_ASSOC
    ADD N1 :F1.000000 :R0 :T12345 'net=P4' 0.00, 0.00;
  END_ASSOC
ADD P1 :W0.000000  -20.1885,0.0420 -20.1130,0.0420 -20.1130,0.2070 -20.1885,0.2070;
  BEGIN_ASSOC
    ADD N1 :F1.000000 :R0 :T12345 'net=P13' 0.00, 0.00;
  END_ASSOC
ADD P1 :W0.000000  12.3075,-0.0055 12.3950,-0.0055 12.3950,0.1855 12.3075,0.1855;
  BEGIN_ASSOC
    ADD N1 :F1.000000 :R0 :T12345 'net=P18' 0.00, 0.00;
  END_ASSOC
ADD P1 :W0.000000  13.1735,-0.0305 13.2680,-0.0305 13.2680,0.2010 13.1735,0.2010;
  BEGIN_ASSOC
    ADD N1 :F1.000000 :R0 :T12345 'net=P5' 0.00, 0.00;
  END_ASSOC
ADD P5 :W0.000000  1.1060,2.8115 1.1032,2.8751 1.0949,2.9383 1.0811,3.0004 1.0620,3.0612 1.0376,3.1200 1.0082,3.1765 0.9740,3.2302 0.9352,3.2807 0.8922,3.3277 0.8452,3.3707 0.7947,3.4095 0.7410,3.4437 0.6845,3.4731 0.6257,3.4975 0.5649,3.5166 0.5028,3.5304 0.4396,3.5387 0.3760,3.5415 0.3124,3.5387 0.2492,3.5304 0.1871,3.5166 0.1263,3.4975 0.0675,3.4731 0.0110,3.4437 -0.0427,3.4095 -0.0932,3.3707 -0.1402,3.3277 -0.1832,3.2807 -0.2220,3.2302 -0.2562,3.1765 -0.2856,3.1200 -0.3100,3.0612 -0.3291,3.0004 -0.3429,2.9383 -0.3512,2.8751 -0.3540,2.8115 -0.3512,2.7479 -0.3429,2.6847 -0.3291,2.6226 -0.3100,2.5618 -0.2856,2.5030 -0.2562,2.4465 -0.2220,2.3928 -0.1832,2.3423 -0.1402,2.2953 -0.0932,2.2523 -0.0427,2.2135 0.0110,2.1793 0.0675,2.1499 0.1263,2.1255 0.1871,2.1064 0.2492,2.0926 0.3124,2.0843 0.3760,2.0815 0.4396,2.0843 0.5028,2.0926 0.5649,2.1064 0.6257,2.1255 0.6845,2.1499 0.7410,2.1793 0.7947,2.2135 0.8452,2.2523 0.8922,2.2953 0.9352,2.3423 0.9740,2.3928 1.0082,2.4465 1.0376,2.5030 1.0620,2.5618 1.0811,2.6226 1.0949,2.6847 1.1032,2.7479 1.1060,2.8115;
  BEGIN_ASSOC
    ADD N5 :F1.000000 :R0 :T12345 'net=P11' 0.00, 0.00;
  END_ASSOC
ADD P5 :W0.000000  1.0390,-2.5625 1.0367,-2.5102 1.0299,-2.4582 1.0185,-2.4071 1.0028,-2.3571 0.9827,-2.3087 0.9585,-2.2623 0.9304,-2.2181 0.8985,-2.1765 0.8631,-2.1379 0.8245,-2.1025 0.7829,-2.0706 0.7388,-2.0425 0.6923,-2.0183 0.6439,-1.9982 0.5939,-1.9825 0.5428,-1.9711 0.4908,-1.9643 0.4385,-1.9620 0.3862,-1.9643 0.3342,-1.9711 0.2831,-1.9825 0.2331,-1.9982 0.1847,-2.0183 0.1383,-2.0425 0.0941,-2.0706 0.0525,-2.1025 0.0139,-2.1379 -0.0215,-2.1765 -0.0534,-2.2181 -0.0815,-2.2623 -0.1057,-2.3087 -0.1258,-2.3571 -0.1415,-2.4071 -0.1529,-2.4582 -0.1597,-2.5102 -0.1620,-2.5625 -0.1597,-2.6148 -0.1529,-2.6668 -0.1415,-2.7179 -0.1258,-2.7679 -0.1057,-2.8163 -0.0815,-2.8628 -0.0534,-2.9069 -0.0215,-2.9485 0.0139,-2.9871 0.0525,-3.0225 0.0941,-3.0544 0.1382,-3.0825 0.1847,-3.1067 0.2331,-3.1268 0.2831,-3.1425 0.3342,-3.1539 0.3862,-3.1607 0.4385,-3.1630 0.4908,-3.1607 0.5428,-3.1539 0.5939,-3.1425 0.6439,-3.1268 0.6923,-3.1067 0.7387,-3.0825 0.7829,-3.0544 0.8245,-3.0225 0.8631,-2.9871 0.8985,-2.9485 0.9304,-2.9069 0.9585,-2.8628 0.9827,-2.8163 1.0028,-2.7679 1.0185,-2.7179 1.0299,-2.6668 1.0367,-2.6148 1.0390,-2.5625;
  BEGIN_ASSOC
    ADD N5 :F1.000000 :R0 :T12345 'net=P10' 0.00, 0.00;
  END_ASSOC
SAVE;
