UNITS MIL,10000;
EDIT proj;
ADD P1 :W0.000000  -1063.1200,-36.0700 -563.1200,-36.0700 -563.1200,33.9300 -1063.1200,33.9300;
ADD P1 :W0.000000  1070.6650,34.9900 570.6650,34.9900 570.6650,-35.0100 1070.6650,-35.0100;
ADD P1 :W0.000000  181.6825,35.3800 181.6825,40.1690 206.6825,40.1690 206.6825,35.3800 542.5650,35.3800 542.5650,-34.6200 42.5650,-34.6200 42.5650,35.3800;
  BEGIN_ASSOC
    ADD N1 :F1.000000 :R0 :T12345 'net=P15' 0.00, 0.00;
  END_ASSOC
ADD P1 :W0.000000  126.9450,168.6400 255.7200,168.6400 255.7200,269.7300 126.9450,269.7300;
  BEGIN_ASSOC
    ADD N1 :F1.000000 :R0 :T12345 'net=P17' 0.00, 0.00;
  END_ASSOC
ADD P1 :W0.000000  -253.2850,416.6300 292.0500,416.6300 292.0500,517.7200 -253.2850,517.7200;
  BEGIN_ASSOC
    ADD N1 :F1.000000 :R0 :T12345 'net=P19' 0.00, 0.00;
  END_ASSOC
ADD P1 :W0.000000  -251.8150,169.9150 -123.0400,169.9150 -123.0400,271.0050 -251.8150,271.0050;
  BEGIN_ASSOC
    ADD N1 :F1.000000 :R0 :T12345 'net=P13' 0.00, 0.00;
  END_ASSOC
ADD P1 :W0.000000  39.8600,-71.5950 12.5600,-71.5950 12.5600,-30.5050 -7.4400,-30.5050 -7.4400,-71.5950 -34.1650,-71.5950 -34.1650,-117.3400 39.8600,-117.3400;
  BEGIN_ASSOC
    ADD N1 :F1.000000 :R0 :T12345 'net=P10' 0.00, 0.00;
  END_ASSOC
ADD P1 :W0.000000  -34.9100,59.6750 -7.6100,59.6750 -7.6100,18.0700 12.3900,18.0700 12.3900,59.6750 39.1150,59.6750 39.1150,105.4200 -34.9100,105.4200;
  BEGIN_ASSOC
    ADD N1 :F1.000000 :R0 :T12345 'net=P9' 0.00, 0.00;
  END_ASSOC
ADD P1 :W0.000000  -174.1725,34.0000 -174.1725,38.7890 -199.1725,38.7890 -199.1725,34.0000 -535.0550,34.0000 -535.0550,-36.0000 -35.0550,-36.0000 -35.0550,34.0000;
  BEGIN_ASSOC
    ADD N1 :F1.000000 :R0 :T12345 'net=P11' 0.00, 0.00;
  END_ASSOC
ADD P5 :W0.000000  16.0400,-91.6800 15.9920,-90.5814 15.8485,-89.4912 15.6105,-88.4176 15.2798,-87.3688 14.8590,-86.3529 14.3513,-85.3775 13.7604,-84.4501 13.0910,-83.5777 12.3481,-82.7669 11.5373,-82.0240 10.6649,-81.3546 9.7375,-80.7637 8.7621,-80.2560 7.7462,-79.8352 6.6974,-79.5045 5.6238,-79.2665 4.5336,-79.1230 3.4350,-79.0750 2.3364,-79.1230 1.2462,-79.2665 0.1726,-79.5045 -0.8762,-79.8352 -1.8921,-80.2560 -2.8675,-80.7637 -3.7949,-81.3546 -4.6673,-82.0240 -5.4781,-82.7669 -6.2210,-83.5777 -6.8904,-84.4501 -7.4813,-85.3775 -7.9890,-86.3529 -8.4098,-87.3688 -8.7405,-88.4176 -8.9785,-89.4912 -9.1220,-90.5814 -9.1700,-91.6800 -9.1220,-92.7786 -8.9785,-93.8688 -8.7405,-94.9424 -8.4098,-95.9912 -7.9890,-97.0071 -7.4813,-97.9825 -6.8904,-98.9099 -6.2210,-99.7823 -5.4781,-100.5931 -4.6673,-101.3360 -3.7949,-102.0054 -2.8675,-102.5963 -1.8921,-103.1040 -0.8762,-103.5248 0.1726,-103.8555 1.2462,-104.0935 2.3364,-104.2370 3.4350,-104.2850 4.5336,-104.2370 5.6238,-104.0935 6.6974,-103.8555 7.7462,-103.5248 8.7621,-103.1040 9.7375,-102.5963 10.6649,-102.0054 11.5373,-101.3360 12.3481,-100.5931 13.0910,-99.7823 13.7604,-98.9099 14.3513,-97.9825 14.8590,-97.0071 15.2798,-95.9912 15.6105,-94.9424 15.8485,-93.8688 15.9920,-92.7786 16.0400,-91.6800;
  BEGIN_ASSOC
    ADD N5 :F1.000000 :R0 :T12345 'net=P10' 0.00, 0.00;
  END_ASSOC
ADD P5 :W0.000000  14.5100,80.1650 14.4620,81.2636 14.3185,82.3538 14.0805,83.4274 13.7498,84.4762 13.3290,85.4921 12.8213,86.4675 12.2304,87.3949 11.5610,88.2673 10.8181,89.0781 10.0073,89.8210 9.1349,90.4904 8.2075,91.0813 7.2321,91.5890 6.2162,92.0098 5.1674,92.3405 4.0938,92.5785 3.0036,92.7220 1.9050,92.7700 0.8064,92.7220 -0.2838,92.5785 -1.3574,92.3405 -2.4062,92.0098 -3.4221,91.5890 -4.3975,91.0813 -5.3249,90.4904 -6.1973,89.8210 -7.0081,89.0781 -7.7510,88.2673 -8.4204,87.3949 -9.0113,86.4675 -9.5190,85.4921 -9.9398,84.4762 -10.2705,83.4274 -10.5085,82.3538 -10.6520,81.2636 -10.7000,80.1650 -10.6520,79.0664 -10.5085,77.9762 -10.2705,76.9026 -9.9398,75.8538 -9.5190,74.8379 -9.0113,73.8625 -8.4204,72.9351 -7.7510,72.0627 -7.0081,71.2519 -6.1973,70.5090 -5.3249,69.8396 -4.3975,69.2487 -3.4221,68.7410 -2.4062,68.3202 -1.3574,67.9895 -0.2838,67.7515 0.8064,67.6080 1.9050,67.5600 3.0036,67.6080 4.0938,67.7515 5.1674,67.9895 6.2162,68.3202 7.2321,68.7410 8.2075,69.2487 9.1349,69.8396 10.0073,70.5090 10.8181,71.2519 11.5610,72.0627 12.2304,72.9351 12.8213,73.8625 13.3290,74.8379 13.7498,75.8538 14.0805,76.9026 14.3185,77.9762 14.4620,79.0664 14.5100,80.1650;
  BEGIN_ASSOC
    ADD N5 :F1.000000 :R0 :T12345 'net=P9' 0.00, 0.00;
  END_ASSOC
SAVE;
